50000
4 5
11 1
17 3
27 3
59 5
209 3
360 7
3 8
8 12
38 10
90 13
1 18
9 16
22 15
145 17
4 23
9 25
16 23
25 24
35 23
48 22
493 27
0 32
9 32
18 29
26 33
1 40
10 41
20 36
43 36
66 36
7 44
10 47
16 47
24 47
99 45
1 53
10 51
39 50
2 61
11 61
16 59
24 58
4 65
8 65
15 65
26 66
35 67
69 68
148 70
3 71
8 75
16 77
52 75
0 81
8 79
27 78
103 80
222 78
0 90
11 85
15 89
22 86
3 93
10 97
17 96
31 93
48 92
2 105
8 99
15 102
40 103
74 101
1 110
11 108
20 108
27 107
51 111
4 119
8 116
15 114
30 116
129 115
6 121
11 124
19 126
4 129
11 128
18 133
33 128
51 128
76 133
1 141
13 138
20 141
26 137
348 135
4 142
10 144
17 148
37 147
52 146
5 149
9 152
22 154
262 153
3 158
9 159
28 160
42 160
115 161
4 165
8 164
15 163
72 165
1 173
8 175
25 174
33 171
155 170
1 180
9 183
16 177
51 181
4 190
9 190
23 187
0 194
9 194
17 192
24 197
36 191
3 204
10 202
20 204
66 200
88 205
0 212
8 209
19 212
30 212
49 209
2 213
8 217
126 219
3 220
8 225
21 220
2 230
13 229
24 227
42 229
2 238
11 237
22 235
64 237
97 237
190 235
491 238
2 242
11 241
20 244
36 242
6 248
9 253
0 258
13 259
24 255
35 255
53 256
0 266
13 264
22 263
29 268
258 265
2 273
11 272
18 270
65 269
4 281
8 281
18 276
33 277
3 288
13 287
17 284
27 284
46 286
6 291
10 293
15 295
23 295
81 291
164 295
0 301
13 301
35 299
122 300
0 306
12 307
23 305
52 308
7 315
14 313
21 312
29 314
333 313
0 323
8 321
19 322
74 320
3 332
9 328
21 332
31 327
46 326
2 335
9 338
7 341
11 344
19 341
32 342
2 353
8 352
21 353
42 352
112 349
163 351
245 349
3 356
9 355
21 360
64 357
1 365
8 363
39 366
0 374
8 369
19 374
27 368
80 373
4 381
8 377
33 378
57 381
7 383
13 382
19 388
23 383
0 394
10 393
16 395
28 392
40 390
125 389
4 403
8 398
21 400
56 403
0 405
9 408
18 408
28 408
85 408
189 409
2 411
14 411
17 416
40 413
1 419
11 419
15 423
23 421
6 429
13 431
41 430
67 430
315 425
1 432
8 433
22 432
0 440
8 444
15 441
28 444
3 450
8 451
20 449
37 447
57 447
96 446
150 449
1 453
10 456
15 454
34 459
2 465
12 461
22 462
45 462
76 464
466 462
5 472
10 471
27 472
0 474
11 478
16 476
39 475
0 482
11 485
16 483
25 484
252 487
0 492
13 490
110 492
3 495
9 496
18 495
27 495
43 496
67 495
167 498
